1024 256 128 32 8 64 32 16 2 4 0 2 2 0 0 0 15968 224
1024 512 8 2 128 64 4 4 2 4 4 0 4 2 4 0 15664 109
2 0 0 2 0 0 4 4 32 64 32 8 128 512 1024 2048 72168 1566
2 4 32 128 2 4 32 256 0 0 64 512 0 0 16 4096 74400 1021
0 0 0 4096 2 0 4 64 4 2 2 32 4 4 4 8 71712 1373
8 16 256 4096 2 8 16 64 4 4 16 4 2 0 2 0 60124 752
4 1024 8 2048 128 512 128 128 0 2 4 8 2 0 0 0 36600 89
128 512 256 4096 64 128 64 16 0 2 8 2 4 2 4 2 52152 2
4 2 512 4096 2 16 128 256 0 4 64 4 0 0 8 2 69664 839
0 2 256 4096 0 0 32 1024 4 4 8 32 2 2 4 8 58568 199
2 0 0 0 4 2 2 0 512 128 16 0 1024 64 8 2 16396 170
2048 64 32 8 1024 128 32 2 4 8 2 0 2 4 2 2 31344 45
0 0 0 0 2 0 2 4 8 16 128 2 2048 1024 256 128 38184 367
4 2 0 0 4 0 0 0 8 16 8 0 32 64 256 2048 35368 715
2 2 4 16 4 4 512 256 0 8 16 128 0 2 8 8192 112860 503
16 4 1024 4096 8 16 128 32 0 2 4 2 0 0 0 0 79600 1255
256 4 2 0 512 16 2 2 1024 4 16 4 2048 2 2 2 60760 1076
4096 16 2 4 4 16 32 256 0 2 8 4 0 0 0 4 60472 799
2048 512 64 32 256 128 32 8 0 2 4 2 0 0 0 2 58516 1268
32 128 256 2048 8 32 512 1024 8 0 4 0 2 4 2 0 77820 1716
2048 512 0 2 256 128 0 0 32 4 2 0 8 8 4 4 34916 429
8192 1024 128 64 0 8 16 8 2 0 2 4 0 0 0 0 122488 755
4 0 0 2 8 2 0 0 8 16 64 32 4096 128 256 64 66660 861
64 128 256 2048 16 64 16 8 16 2 0 0 4 4 0 2 37008 744
4 4 0 2 8 16 0 0 256 64 4 0 2048 32 8 4 31888 520
2048 1024 512 128 64 128 64 16 2 4 8 4 2 0 0 2 72076 1478
32 256 512 0 32 0 0 0 4 2 0 0 4 0 2 0 10468 225
16 2 0 2 1024 32 2 0 2048 256 16 4 4096 64 4 2 76304 39
4096 64 2 2 1024 64 8 2 256 8 2 0 128 0 0 0 77208 983
64 512 1024 2048 32 256 16 4 4 16 2 2 4 8 0 0 59724 952
32 256 512 2048 8 16 128 16 4 0 2 0 0 4 0 0 30136 126
2048 128 32 8 0 4 16 4 0 0 4 0 0 0 8 2 25824 312
4096 64 0 2 128 16 2 0 256 8 8 4 128 4 4 4 81496 1665
0 0 2 4 4 8 64 128 2 8 256 512 2 16 1024 2048 54808 611
0 2 4 32 0 0 4 64 2 0 0 2048 0 0 0 8 33684 710
0 0 0 4 0 0 0 4 2 32 32 8 2048 256 64 32 30480 399
2 0 2 0 4 8 4 0 4 8 64 32 64 256 1024 2048 65276 1292
4 16 128 2048 0 4 32 32 0 0 4 2 0 0 4 0 32936 670
2048 256 128 8 8 64 16 0 2 4 16 0 2 2 0 0 33068 558
8192 2048 256 4 8 32 64 128 2 16 16 2 4 4 0 0 132192 644
2 0 0 0 32 0 0 0 256 32 2 0 4096 8 8 2 59512 734
2 0 2 4096 2 0 4 64 4 2 8 128 2 8 32 64 56984 613
64 4 0 0 128 32 0 0 256 64 4 0 1024 8 8 2 12416 24
2048 8 4 64 1024 128 64 8 2 4 2 4 0 0 0 2 37180 432
0 0 64 1024 2 8 8 512 2 2 4 128 4 4 2 8 16156 148
16 64 2048 4096 8 16 128 32 0 2 2 0 4 0 0 0 75356 488
2 0 16 32 0 0 32 64 0 0 8 256 2 4 2 2048 36028 737
32 2 0 0 128 4 2 0 256 32 4 2 1024 16 4 8 25416 612
0 0 0 2 0 0 2 0 0 2 4 4 2048 256 32 16 37056 864
64 8 4 4 128 32 0 0 256 16 0 0 1024 2 2 0 15384 190
0 2 0 4 2 16 8 2 16 32 128 16 4096 1024 512 128 71448 545
2048 128 512 64 16 16 32 2 2 2 2 0 0 0 2 0 32164 359
2048 64 2 2 256 32 0 0 128 16 4 0 64 16 4 0 36160 673
0 0 0 2 8 8 0 2 32 64 16 8 64 256 512 2048 34112 356
32 64 256 1024 2 8 4 0 2 4 2 0 4 0 0 0 15824 297
128 512 2048 4096 4 8 32 256 2 2 4 4 0 0 0 2 80572 512
64 128 512 4096 2 4 16 64 0 0 4 8 0 2 0 0 57424 436
0 0 0 2 0 2 2 4 0 0 2 64 64 128 256 4096 60680 732
0 2 2 4 0 0 4 2 256 64 32 8 2048 1024 16 8 36196 301
8 8 8 32 2 2 16 128 0 0 32 512 0 2 16 2048 34656 495
32 64 256 1024 16 4 2 0 2 8 0 0 0 0 0 2 16136 305
8 256 1024 2048 8 32 64 16 2 4 4 2 0 0 4 0 37212 376
16 64 1024 2048 8 4 2 2 8 0 0 0 4 0 0 0 60500 1358
2048 512 128 32 0 8 8 16 2 0 2 4 0 0 0 0 36904 676
0 2 0 0 32 4 2 0 256 32 4 2 4096 4 2 4 47336 95
64 32 2 0 128 64 4 0 2048 1024 16 2 8192 256 4 4 131052 117
16 128 2 1024 2 2 128 2 0 0 4 2 0 0 2 0 14712 264
4 4 16 1024 4 8 32 2 0 0 256 128 0 2 8 4096 57624 134
2 0 0 2 0 0 4 4 0 4 32 32 4096 128 512 32 75848 1249
2048 0 0 0 64 64 8 2 32 16 4 0 1024 8 2 0 50948 836
0 4 32 4096 2 4 128 256 2 8 32 512 0 0 16 16 57308 324
2048 4 0 0 1024 256 0 2 512 64 4 2 2 32 16 4 75780 1675
0 0 0 2 2 2 4 8 8 64 32 128 2048 1024 512 2 69640 1537
4 16 128 4096 2 32 512 1024 0 4 64 256 0 2 4 16 61188 75
4 16 0 0 512 64 2 0 2 32 4 0 1024 16 4 0 15596 151
0 2 2 2048 0 0 0 128 2 4 32 64 0 8 8 32 31912 579
4 2 2 2048 2 8 4 512 0 0 32 256 0 0 4 64 32108 305
4 4 4 0 32 4 0 0 8 16 2 0 4096 4 0 0 76972 1652
0 0 2 0 4 4 0 2 8 32 8 64 128 256 512 4096 59636 442
2 4 512 4096 64 128 64 2 2 4 4 8 0 0 0 4 76512 1278
0 2 4 2 4 16 4 2 32 128 64 32 2048 256 4 2 37572 780
2048 128 32 8 1024 512 256 128 0 4 8 8 2 0 2 8 36924 38
2 2 2 4 4 4 32 16 2 8 64 256 2 4 32 2048 35952 728
1024 512 128 64 4 8 64 32 2 2 4 4 0 0 2 0 14692 20
4 4 8 2048 4 16 64 128 0 4 4 4 0 0 2 8 46844 1033
128 512 2048 4096 32 128 32 8 0 2 2 16 0 0 0 4 70868 63
64 512 2048 4096 4 8 128 4 4 2 16 4 0 0 8 0 75992 328
0 2 0 0 2 2 8 4 256 32 64 2 4096 2048 512 32 82060 622
0 0 8 8 4 2 2 32 0 4 32 256 2 2 2048 4096 71980 363
2048 2 2 0 1024 4 0 0 256 8 2 4 128 16 4 2 68380 1508
0 0 64 128 0 4 32 256 2 0 16 512 4 2 4 4096 76736 1204
0 4 16 2048 2 4 128 1024 0 0 8 8 0 0 2 4 57356 1183
8 16 512 2048 8 128 64 32 0 0 0 4 0 0 2 2 35500 566
2 0 4 2 0 16 64 1024 4 8 128 2048 4 8 32 4096 108528 1029
0 4 4 2 4 16 64 4 0 8 256 16 4 8 1024 2048 32460 99
128 256 512 1024 32 64 16 0 4 4 2 0 2 0 0 0 33508 761
32 256 512 2048 16 32 128 64 0 2 4 2 2 0 0 2 32820 287
4 0 2 0 2 8 2 0 8 32 128 64 2 32 1024 4096 60176 331
2 2 4 2 4 4 32 8 64 128 64 32 4096 2048 1024 128 76696 51
2 0 0 0 4 32 2 0 4 16 16 2 8 64 4 2048 36824 920
2 0 0 0 0 0 8 2 8 16 8 4 16 32 128 2048 36152 843
4096 1024 256 32 64 128 32 32 2 0 8 2 0 0 2 0 61252 298
64 8 4 0 256 16 4 0 1024 128 2 2 4096 64 0 0 76616 945
0 0 64 1024 2 4 256 512 4 2 32 128 4 4 8 64 34516 819
0 0 2 2048 0 2 4 256 0 2 16 128 0 2 8 16 31652 485
8 0 2 0 16 4 4 0 16 32 128 1024 2 8 2048 4096 79804 324
0 2 8 2048 0 0 4 1024 0 2 16 512 2 4 32 64 48480 514
0 2 32 1024 0 4 32 512 0 2 64 256 0 2 16 128 34696 845
4 2 0 0 16 4 0 2 16 256 2 0 256 512 1024 4096 81112 964
512 256 128 64 8 32 64 16 0 0 4 16 0 2 0 2 12328 229
2048 256 16 4 8 8 0 2 4 4 0 0 0 0 0 0 27856 393
4 0 2 0 16 4 0 0 16 32 128 32 32 256 1024 2048 56184 919
16 8 4 2 64 64 8 4 1024 16 4 0 4096 0 2 0 72228 907
2 0 16 64 0 2 32 256 0 4 16 512 2 4 8 1024 27552 551
0 2048 0 2 8 16 256 0 8 2 64 4 2 4 2 16 36124 761
2048 8 512 8 256 16 32 8 0 0 4 8 0 0 2 2 33416 382
4 2 256 1024 4 128 512 16 2 8 16 4 4 0 0 2 16404 77
2 4 32 8 0 16 64 128 2 16 512 1024 0 32 64 2048 36560 111
2 0 0 4 0 0 4 16 32 4 64 128 128 256 512 2048 34236 291
2048 16 4 0 512 256 16 2 4 128 8 2 2 4 2 4 36204 509
0 0 0 4 0 0 4 2 2 4 8 4 2048 512 128 64 36340 624
0 0 0 0 8 4 2 2 8 32 128 32 2048 1024 512 64 51332 587
0 2 512 4096 2 4 256 2048 4 16 32 128 0 2 8 16 153444 3091
0 0 2 32 0 0 0 128 0 4 16 256 2 2 8 1024 13540 97
2048 16 4 4 256 64 8 0 128 8 4 0 64 0 2 0 36468 698
2048 64 2 8 512 256 32 4 128 8 4 4 2 2 0 2 49608 831
16 8 4 4 64 2 2 2 512 0 0 0 4096 0 0 0 51388 204
2048 4 4 2 256 8 4 4 64 4 2 2 4 2 2 4 35436 733
2 8 32 2048 2 64 128 1024 16 4 0 2 16 8 0 0 36156 346
8 4 4 64 0 4 64 256 0 2 4 128 0 0 0 4096 59872 675
0 0 16 2048 2 4 64 128 0 2 32 512 4 8 8 128 49928 912
2048 512 256 128 4 32 64 16 2 2 2 0 0 0 0 0 32536 286
4 1024 8 4096 4 16 32 512 8 16 4 0 2 8 0 2 58312 53
4 4 64 2048 4 16 32 128 0 8 8 16 0 2 2 0 25652 248
1024 512 2 2 256 64 16 0 16 32 2 0 8 8 0 2 23504 338
2 4 2 0 8 4 0 0 128 4 0 0 128 256 512 256 15528 312
1024 128 32 64 2 4 8 2 2 4 0 0 2 0 0 0 14628 279
2048 256 1024 128 128 32 16 32 2 16 2 0 4 2 0 0 72048 1627
2 4 16 16 0 2 64 512 0 2 128 1024 0 0 16 2048 46608 313
4096 2048 4 0 64 256 8 4 8 64 2 0 4 16 8 2 70340 200
32 16 0 0 512 32 2 0 2048 64 4 0 4096 4 4 2 71896 204
2048 8 8 0 1024 256 4 0 512 64 8 2 8 16 4 0 59596 963
2048 256 128 32 4 4 32 16 2 0 0 2 4 0 0 0 36464 749
4096 1024 2 2 512 32 4 4 16 16 8 0 4 2 2 2 70544 603
2048 128 32 16 2 4 2 16 0 4 0 4 0 0 2 4 27312 398
4 32 32 128 2 4 128 1024 0 2 64 512 0 4 32 4096 61664 131
0 2 8 2 0 8 2 4 0 8 16 256 8 2 512 4096 61140 600
32 8 2 4 64 4 4 4 8 128 8 2 2048 512 4 2 35540 544
0 0 0 2 2 2 2 8 16 64 128 16 1024 512 256 64 34428 810
2 2 4 4 0 4 128 32 2 16 256 1024 0 8 64 2048 59824 1127
1024 512 256 128 32 8 4 2 2 0 4 2 0 0 2 4 28260 576
2 4 2 0 8 2 0 0 128 256 32 4 2048 512 128 64 34472 306
16 1024 512 64 16 32 4 2 0 2 4 2 0 0 0 2 25948 573
64 512 2048 4096 32 128 4 2 8 8 4 0 2 4 2 2 79664 519
8 2 0 4 8 2 0 0 4 16 64 512 4 32 1024 2048 36528 200
4 8 512 2048 2 4 8 512 0 2 8 32 0 2 4 16 36036 422
4 16 64 1024 4 8 32 0 2 8 0 0 4 0 2 0 14964 324
4 8 32 16 2 2 8 64 0 4 4 128 0 0 2 2048 35564 774
4 4 0 0 256 8 2 0 1024 64 8 2 2048 8 8 0 37176 388
0 2 0 0 2 8 0 0 16 32 8 2 64 128 512 4096 75044 1238
2 0 8 1024 0 0 16 512 0 4 8 256 0 2 8 128 16080 51
2 0 0 0 2 8 0 2 2 16 128 2 128 256 512 4096 61176 501
0 0 0 2 2 4 8 4 2048 512 64 32 4096 1024 128 2 103676 588
32 16 16 4 64 32 2 0 512 256 2 0 4096 16 0 0 78732 1336
1024 8 8 0 512 32 0 0 256 64 2 0 64 16 2 0 23244 281
64 32 8 4 256 8 4 2 512 4 2 0 1024 4 0 2 32508 797
4096 64 4 4 256 16 16 8 16 4 2 0 8 2 2 0 74240 1313
8 4 4 64 2 8 16 256 2 0 64 1024 0 0 32 2048 33176 124
2048 1024 128 64 16 64 32 8 2 2 0 8 0 0 0 0 62868 1423
2048 4 4 4 512 8 2 4 256 16 4 0 128 64 16 2 31680 209
64 8 4 2 256 16 2 0 64 4 4 2 32 2 0 0 2628 12
64 8 2 0 128 8 2 4 256 16 0 0 512 32 2 0 10248 117
8 4 0 0 4 8 0 0 8 64 2 2 32 64 256 2048 32728 545
2048 8 2 2 256 16 4 2 64 32 4 0 32 16 0 0 37652 843
2048 8 4 8 512 16 16 4 256 32 8 2 512 128 4 0 56620 985
0 0 0 4096 2 2 16 1024 0 4 16 64 2 2 8 16 79484 1298
8 2 512 1024 0 2 128 64 0 4 8 4 0 2 2 4 25688 529
4 2 2 0 64 4 0 0 256 8 0 0 4096 64 4 2 60772 777
64 128 256 512 16 32 64 32 0 0 2 4 0 2 0 2 12436 244
0 0 8 2 2 0 16 2 512 4 8 2 2048 256 8 16 36056 558
64 4 4 4 128 32 2 0 256 8 0 0 2048 4 0 2 26752 223
1024 256 64 32 2 4 8 4 0 0 0 4 0 0 0 0 16364 338
1024 64 4 2 512 32 2 4 256 16 4 8 64 4 2 2 34196 827
0 0 2 0 0 0 0 2 0 4 32 4 4096 256 64 16 78720 1576
512 256 64 2048 32 128 16 8 2 8 4 2 2 4 4 0 50568 870
2 0 0 0 2 0 0 0 2048 4 2 0 8 32 8 0 35500 862
32 4 2 4 256 16 16 4 1024 32 4 0 2048 128 2 2 36416 268
0 4 8 16 0 4 8 32 0 0 2 1024 0 2 0 2048 51916 970
0 0 2 64 2 0 4 256 0 2 8 2048 8 4 64 4096 111300 1594
0 0 0 2 0 2 0 2 8 32 8 2 64 4096 128 32 55696 609
2 4 0 0 4 8 0 0 32 64 2 0 2 128 4 2048 27608 403
8 8 0 0 32 64 2 0 1024 512 8 2 2048 16 4 4 37164 268
16 2 2 2 256 8 8 0 512 64 0 2 1024 32 0 0 23532 343
32 64 256 4096 32 4 2 2 4 2 0 0 2 0 0 0 59460 694
64 32 2 2 256 128 0 0 512 32 2 4 2048 32 2 0 51656 945
1024 8 16 8 512 8 2 4 0 0 16 4 2 2 4 2 16304 238
2 4 2 2 4 32 4 0 16 32 64 16 64 256 1024 2048 48936 551
4096 128 64 2 1024 512 128 8 64 8 16 8 0 2 4 4 60784 69
2 4 64 2048 4 8 8 512 2 0 4 128 0 4 2 64 36768 616
4 2 0 0 8 4 0 0 64 16 4 0 64 512 64 32 9408 292
0 0 4 16 0 8 8 32 0 2 64 512 2 4 128 2048 56584 1303
0 2 2 0 2 4 32 4 4 16 256 16 16 64 2 512 13912 370
256 0 2 4 512 4 8 0 1024 32 16 4 2048 16 2 2 60340 1008
4096 4 4 4 512 32 2 2 256 128 0 2 128 16 0 0 52440 76
2 0 4 2048 0 0 8 256 0 0 32 64 4 4 2 32 34460 655
128 32 4 0 512 64 8 2 1024 128 4 0 256 64 2 4 16976 3
4096 1024 256 128 64 128 16 32 2 4 16 2 0 2 4 4 60424 181
256 512 2048 4096 0 2 128 32 0 0 2 8 0 0 0 2 76616 306
2 4 0 0 8 4 2 2 4 32 256 512 16 64 128 1024 34156 818
2 0 8 4 0 2 32 2 2 32 512 2048 2 8 32 4096 71220 172
64 8 2 0 512 64 2 0 1024 128 2 0 4096 64 2 0 59612 32
2 4 256 2048 2 8 16 8 2 4 2 4 0 2 4 2 26624 297
0 0 32 2048 2 4 64 512 4 4 32 256 2 2 2 16 27460 79
64 8 0 2 128 32 0 0 256 0 0 2 2048 0 0 0 50992 1157
4 2 0 0 16 2 0 0 4 4 32 0 64 256 512 1024 28964 661
32 128 256 2048 4 16 8 4 2 8 0 0 0 4 2 0 49340 1060
512 256 128 32 2 4 32 16 0 2 0 4 0 0 0 2 13688 336
4 2 4 2 32 8 4 2 2 64 512 64 2 256 1024 2048 71340 1429
2 2 4 4 4 4 8 0 2 256 4 0 1024 0 0 4 15368 292
4096 512 128 16 32 256 16 8 0 2 4 4 0 2 0 0 68060 777
32 2 256 2048 4 16 8 8 2 0 2 0 0 2 0 0 34136 657
4 32 256 2048 4 16 128 1024 0 8 32 512 2 4 4 128 66088 1042
2048 256 16 4 1024 32 16 4 2 4 0 0 0 2 2 0 31492 39
0 0 1024 4096 0 2 256 512 2 2 64 128 0 2 8 16 80072 930
4096 64 0 0 2048 128 0 2 512 64 16 0 256 32 2 4 78292 282
0 0 2 4096 0 0 4 256 0 2 8 32 4 4 4 16 77192 1541
0 0 0 2 0 2 4 16 8 128 64 32 4096 2048 4 2 69164 207
64 16 2 2 128 2 4 0 1024 0 0 0 2048 0 0 2 34848 286
64 128 256 2048 16 32 64 16 16 4 0 0 8 0 2 0 36300 677
2 8 2 2048 4 32 4 256 8 4 8 2 4 4 256 4 51240 1136
4096 512 128 64 2 4 8 32 0 0 0 8 2 0 0 2 61016 635
0 0 0 2 2 0 0 0 2 4 16 8 2048 256 32 16 35032 690
4 8 512 2048 4 8 128 16 0 0 0 16 0 2 4 2 27268 172
0 0 0 512 0 0 0 256 0 4 2 128 4 2 32 64 14304 373
4096 8 64 128 4 2 8 32 2 0 4 2 0 0 4 2 56420 593
0 2 4 64 0 0 8 128 2 0 16 1024 0 0 8 64 15912 331
64 256 512 4096 16 32 8 8 0 2 2 2 0 0 0 0 72404 1059
16 64 256 4096 16 32 128 64 4 4 4 0 0 0 2 0 78640 1514
0 0 0 512 0 0 4 256 2 2 32 64 0 2 16 16 14220 401
0 0 0 2 0 2 4 4 2 64 32 32 4096 1024 256 128 76584 945
64 256 512 1024 2 8 16 32 0 0 4 8 0 2 0 4 16184 72
2048 1024 256 128 8 128 32 2 8 16 8 2 0 2 0 4 46648 391
64 2 0 0 128 2 2 0 8 4 0 0 16 8 4 2 2348 89
4 4 64 512 0 4 32 256 0 8 64 1024 2 4 32 2048 60444 981
2 2 4 2 8 32 2 4 512 128 64 4 2048 1024 4 2 36164 143
0 8 256 4096 4 8 512 2048 2 4 128 32 2 8 4 16 82384 624
1024 8 0 0 512 16 2 2 256 64 16 4 64 32 2 2 32408 745
4 2 2 0 4 8 0 0 8 16 2 0 4096 128 4 0 77208 1618
128 512 2048 4096 2 8 64 256 2 8 16 0 2 8 2 2 81260 531
0 2 0 0 8 4 2 0 64 256 32 16 2048 1024 64 32 57100 997
4096 1024 32 2 512 256 128 4 8 8 32 2 0 4 2 0 70136 412
1024 32 2 0 512 128 8 2 256 32 0 0 32 4 0 0 27532 526
1024 2 0 2 128 16 0 0 64 32 0 0 16 16 2 0 15308 300
2 4 1024 2048 0 8 512 128 4 2 8 64 8 4 4 16 56368 834
4 1024 512 8 4096 2048 64 8 8 16 2 0 4 4 2 2 79804 148
2 4 16 2048 0 4 64 256 2 8 32 128 0 0 16 64 36648 715
2 256 512 2048 0 0 128 128 2 16 4 2 0 0 2 2 60532 1409
1024 32 16 2 512 64 8 8 16 32 2 4 4 2 4 2 21964 286
0 2 16 4096 4 2 64 1024 0 2 128 512 0 2 32 256 67052 232
2 2 4 4 0 4 16 256 0 2 8 512 0 0 2 4096 59220 511
4096 2048 256 32 128 64 32 16 0 4 4 16 0 0 0 4 76576 478
2 8 16 32 0 8 32 128 2 4 64 512 0 2 256 2048 49092 816
0 4 0 2 8 8 4 8 32 256 16 8 2048 512 64 16 32744 338
32 2 0 0 128 0 4 0 512 128 8 0 1024 32 4 0 23568 369
0 0 2 32 0 2 8 64 0 8 4 128 0 4 4 1024 16552 405
4 8 32 8192 0 8 128 64 0 0 64 16 0 2 2 0 109536 626
1024 512 256 128 4 4 16 16 2 2 0 2 0 0 2 0 32168 741
0 0 0 2 0 4 2 8 2 32 32 16 2048 128 64 32 36584 843
4 4 32 2048 2 2 64 1024 0 4 256 512 0 2 64 128 51204 449
2048 128 4 2 1024 512 4 2 256 128 16 0 16 4 32 4 52852 564
1024 4 2 64 4 16 8 16 0 0 8 2 0 2 4 4 16356 450
2 2 16 1024 0 0 32 256 0 2 16 64 0 2 8 8 24820 606
0 0 0 2 2 4 2 0 32 8 4 0 2048 1024 128 64 35500 334
4 4 8 32 2 2 32 64 0 0 128 2048 0 0 32 4096 69536 206
512 64 8 2 256 128 2 0 8 16 4 0 4 4 2 2 14624 395
16 32 512 2048 8 16 32 1024 4 0 2 0 4 0 0 0 35704 165
0 0 0 2048 0 0 0 16 0 2 0 32 4 8 8 4 35152 853
0 0 0 1024 0 2 4 128 0 2 32 32 4 4 4 16 14332 260
0 0 2 16 0 2 4 32 2 0 16 256 4 4 8 4096 71632 1255
2048 32 32 0 1024 64 2 2 512 128 4 4 128 16 2 2 72168 1495
0 2 16 2048 4 32 64 1024 0 2 8 32 0 0 2 8 58040 1178
0 2 8 32 0 2 4 128 0 4 32 2048 0 0 2 4096 80256 845
4 0 0 2 4 8 8 0 2048 128 2 0 4096 512 2 4 111120 1434
0 0 2 2048 0 0 4 2048 2 16 8 2 8 4 2 4 71940 1426
0 0 2 4 0 0 2 4 8 2 8 32 8 16 256 2048 37208 850
0 2 0 1024 0 4 32 256 2 8 128 128 8 2 2 64 14828 120
0 4 16 32 0 0 4 8 0 0 4 128 0 0 4 2048 37852 960
4 0 0 0 2 8 4 2 4 256 0 2 64 256 512 4096 58912 353
2048 0 2 0 512 16 2 0 256 32 4 0 64 8 0 0 52124 1059
16 8 8 8 32 16 4 0 64 32 4 0 4096 256 2 0 60652 772
4 4 4 512 0 4 2 128 2 0 4 64 0 0 16 16 7260 152
4 4 4 2 64 8 2 0 256 0 0 0 2048 2 0 0 34016 640
8 16 32 4 4 256 2 0 4 1024 4 0 4096 2 0 0 62124 440
32 64 512 2048 4 8 32 8 0 2 4 4 0 2 8 0 55316 1242
4 4 8 2048 0 16 64 1024 0 0 8 512 2 0 0 128 36812 167
4 4 16 1024 0 8 128 256 2 32 64 32 0 2 4 2 25400 579
2 0 0 0 2 0 0 4 128 64 32 16 1024 512 256 16 25740 397
2 4 16 64 0 32 32 8 0 8 128 256 8 2 1024 2048 36172 227
0 2 32 512 0 2 2 256 4 8 4 128 2 2 2 32 14704 417
64 128 256 2048 4 8 32 16 4 0 0 0 8 4 0 0 38596 876
0 0 8 2048 2 0 32 256 0 2 16 128 0 4 2 32 35900 695
4096 0 0 0 128 8 0 4 32 32 0 0 8 8 4 2 47756 179
64 16 16 2 128 32 2 4 512 16 0 2 2048 8 2 0 51336 1043
4096 16 4 2 256 32 4 0 1024 16 0 0 256 64 0 4 58560 106
2048 512 128 64 0 8 4 8 0 2 4 2 0 2 0 2 32008 367
128 256 1024 4096 8 32 128 4 2 8 8 4 0 0 0 0 60440 226
2048 4 4 0 512 8 8 2 256 16 32 0 128 32 2 2 34424 367
2 2 0 2 16 32 32 8 512 128 8 4 2048 256 64 2 30728 139
0 0 0 4 0 0 16 0 4 128 128 2 2048 256 2 16 36192 685
0 0 0 0 0 0 0 4 2 2 4 32 2 2048 1024 1024 72188 1446
4096 32 4 2 2048 128 8 8 1024 32 16 2 512 16 4 2 109268 846
2 2 4 128 4 2 8 2 0 32 64 32 2 8 16 4096 61328 856
0 0 2 8 2 2 4 16 32 128 256 16 128 512 1024 4096 78080 743
2048 1024 512 128 128 32 32 8 2 4 8 4 0 2 0 2 56516 785
128 64 2 0 256 32 0 0 512 2 4 2 2048 16 2 0 37372 553
4 0 0 2 512 64 2 0 1024 64 16 2 4096 16 0 0 72124 677
2 0 0 0 2 0 2 8 16 32 8 8 64 256 1024 2048 37704 396
0 2 4 4096 0 4 8 512 2 8 32 256 2 8 16 32 59460 478
2 0 4 2 4 8 2 2 2 16 64 128 32 256 512 1024 35904 914
2 2 2 1024 0 8 4 512 2 2 8 64 0 0 32 32 23576 448
0 2 16 4096 0 2 64 2048 0 2 2 256 0 0 0 2 81208 825
2 2 64 4096 0 4 16 1024 0 8 8 512 4 4 4 128 78100 938
2 16 2 4 2 4 2 8 1024 512 16 4 2048 8 4 64 34120 43
64 128 256 2048 16 32 8 2 2 8 0 0 0 0 2 0 27196 247
8 8 8 256 8 16 16 512 2 8 64 1024 2 4 256 2048 71540 1341
2048 32 2 2 1024 128 4 2 256 32 16 0 32 4 4 0 36084 228
2048 16 0 0 256 32 0 0 64 16 2 0 32 8 8 2 36196 758
1024 512 256 64 64 8 8 4 4 2 0 0 2 0 0 2 27396 551
16 16 2 0 128 32 2 0 512 16 2 0 2048 4 2 0 36136 611
4096 128 8 2 1024 256 16 2 16 4 2 0 4 2 0 0 78480 1115
0 4 32 64 2 8 32 128 0 2 4 1024 0 0 8 4096 76680 1068
4096 1024 512 64 0 32 64 4 0 0 8 4 0 2 0 2 76072 906
2 4 8 128 0 4 128 512 0 2 32 1024 0 0 4 2048 69164 1341
0 0 0 4 4 0 8 8 128 256 128 4 2048 1024 64 4 55860 865
0 4 4 4096 0 2 8 512 0 0 32 256 0 0 0 128 59944 479
1024 256 2 2 2048 128 16 4 4 16 0 0 1024 0 0 2 67640 996
0 0 0 0 2 2 4 2 16 16 32 16 4096 128 64 32 71620 1285
2 0 4 0 0 0 8 32 0 4 128 64 2 4 8 2048 37196 915
0 2 4 1024 0 2 16 512 0 8 8 128 0 2 4 32 25584 518
0 0 2 0 4 2 2 0 8 16 32 8 16 256 512 1024 16856 152
4 16 8 2 512 64 8 4 1024 128 2 0 4096 64 4 0 67560 354
0 0 2 4 2 8 8 4 8 2 128 512 2 8 256 2048 36796 553
0 0 8 2048 2 4 256 1024 4 2 64 512 2 8 32 32 44880 123
64 256 512 1024 8 16 128 32 2 4 2 0 0 0 2 0 30736 633
2048 512 4 0 128 8 0 0 16 16 2 0 4 4 4 2 48776 910
8 2 0 0 2 8 4 2 256 64 8 0 4096 16 8 0 52152 370
4096 64 2 8 1024 256 16 8 16 64 64 2 8 32 2 2 56696 24
2048 1024 512 128 32 128 32 16 8 8 16 0 2 0 2 0 36748 121
2 16 8 1024 4 4 16 512 2 2 64 256 0 0 32 128 16600 36
2 0 0 0 0 2 0 0 4 32 16 8 16 64 1024 2048 32892 237
0 2 0 2 0 0 0 8 0 0 4 16 1024 512 128 16 16156 173
4 2 128 8 8 32 8 8 2048 16 2 4096 4 1024 8 2 75092 59
4096 256 4 0 1024 16 2 0 256 8 0 2 128 0 0 0 72108 690
0 0 0 1024 0 2 8 512 2 0 4 128 2 8 4 2 27168 644
1024 64 2 8 512 16 8 2 16 8 4 0 8 2 0 0 25364 532
64 16 16 4 256 32 4 2 512 128 0 0 1024 32 0 2 27808 504
64 256 1024 2048 8 32 64 16 4 4 0 2 0 2 0 0 56516 984
2 4 1024 2048 0 8 256 512 2 32 16 32 0 8 8 2 76020 1663
64 2 4 2 128 32 2 4 1024 32 2 0 2048 8 0 0 60896 1325
2 16 16 4 8 32 4 0 4 256 2 0 4096 1024 2 0 65608 431
64 16 8 2 128 64 0 0 1024 16 0 0 2048 4 4 2 32216 109
1024 512 256 128 2 32 64 32 2 8 2 0 2 2 0 0 27952 543
2 8 8 2048 0 2 32 512 2 0 64 256 0 0 8 64 33288 364
1024 512 256 128 8 16 32 16 8 2 0 0 4 0 0 2 31832 708
2 8 64 2048 8 4 512 1024 0 0 4 8 0 2 2 4 36588 242
0 0 0 0 8 16 2 2 8 128 8 2 8192 512 2 128 121500 854
2 2 32 4 128 128 16 8 512 32 4 4 2048 4 2 2 35664 511
2 2 4 0 4 4 8 4 32 64 32 16 2048 1024 128 64 56628 1038
2048 1024 512 16 32 64 32 16 0 2 2 4 0 2 0 0 36876 218
2 2 512 2048 2 8 256 256 0 0 4 32 0 0 0 2 32644 248
0 4 2 4 0 0 0 2 2 16 64 8 4096 2048 256 128 68396 106
4096 0 0 0 2048 2 2 0 128 8 8 0 64 16 2 4 71148 331
256 512 2048 4096 0 16 64 32 2 0 4 2 0 0 0 2 80344 529
0 0 2 16 0 2 8 128 0 0 16 256 4 4 8 1024 12404 72
4 2 128 1024 0 2 16 32 0 0 4 8 0 0 2 2 15096 333
4 2 4 2048 0 8 8 512 0 0 32 256 0 2 64 128 55660 1127
0 0 2 2048 0 0 8 64 0 4 2 128 4 4 8 32 36188 824
2 4 2 2 4 64 128 16 4 256 2048 64 16 128 1024 8192 131588 82
0 0 0 0 2 2 2 2 4 16 128 16 4096 2048 64 16 79504 760
1024 16 16 4 4 64 2 0 128 256 2 0 2048 64 0 0 33056 63
128 64 8 4 512 256 8 2 1024 64 16 4 2 8192 32 2 113576 29
4 8 64 2048 2 4 2 256 2 8 0 0 4 0 2 0 27088 314
4096 64 16 4 0 32 16 2 0 0 4 2 0 2 0 4 51060 396
0 4 0 0 4 2 0 0 64 8 2 0 64 128 256 4096 51316 238
0 2 2 4096 0 0 8 128 0 4 32 256 4 2 32 128 58888 582
0 0 0 128 2 0 64 512 0 4 16 128 2 2 4 64 12420 325
2048 128 0 2 1024 32 0 2 512 16 16 4 128 8 4 4 56148 766
0 0 0 2 2 0 0 8 2 4 128 32 32 256 1024 2048 49416 604
32 8 2 4 256 8 0 0 512 2 0 0 2048 2 2 0 35300 518
4 8 4 1024 0 0 0 64 0 0 2 16 0 2 0 4 14756 352
0 0 0 4 2 2 4 0 16 4 8 2 2048 128 1024 64 61108 1366
32 256 512 1024 8 32 8 4 8 0 0 0 0 2 0 0 15980 76
0 2 0 0 0 0 2 8 2 2 4 8 2048 64 128 32 36720 868
128 8 4 4 1024 16 4 2 2048 64 0 0 16 16 0 2 57108 1115
2 8 4 2 8 64 4 2 256 64 4 2 4096 512 2 4 58168 392
2048 4096 4 0 1024 64 64 2 16 32 8 2 4 8 4 4 82344 510
2048 256 128 32 64 16 4 2 2 4 8 8 4 2 4 4 36452 729
4 2 0 0 2 8 2 0 32 128 2 0 2048 128 256 64 34104 505
0 0 0 0 0 2 0 0 8 8 2 4 8 16 64 1024 15660 392
0 0 0 0 0 2 2 0 8 16 4 0 2048 256 8 2 32292 586
2048 128 0 0 1024 32 2 2 8 16 16 8 2 2 4 2 36572 401
4 32 16 2 16 128 32 2 64 512 8 8 4096 1024 4 4 58840 4
1024 4 8 4 256 16 4 0 128 8 2 0 2048 16 0 2 51608 759
64 256 512 1024 4 32 64 16 4 4 0 2 2 0 0 0 34844 885
2 32 16 2 4 512 128 2 2048 64 16 4 4096 16 8 4 72080 146
2 2 4 2 0 2 128 8 256 16 8 16 2048 2 8 2 29516 422
0 0 4 2 2 2 4 2 1024 256 8 4 2048 128 64 4 60408 1189
2 0 0 2 16 8 4 0 64 128 64 2 2 256 1024 2048 32428 23
2 4 0 0 4 2 4 0 2 4 2 4 16 64 2 2048 32964 721
4 2 2 0 2 4 2 0 128 32 4 8 1024 512 8 32 14436 41
0 4 0 0 2 8 16 2 8 128 128 1024 2 16 512 4096 67780 361
0 0 2 2 2 2 4 4 16 32 16 8 4096 1024 128 16 67856 630
0 0 2 4096 0 2 16 128 0 2 4 16 2 0 4 8 79284 1707
0 8 8 1024 2 2 32 512 0 4 64 256 0 0 32 64 27264 506
32 32 4 0 64 16 4 0 256 4 2 0 2048 0 0 0 28920 404
4 0 0 0 16 4 0 2 8 16 64 32 128 256 512 1024 32200 708
32 8 8 2 64 2 2 0 1024 128 4 0 2048 512 0 2 53888 664
0 2 2 0 4 4 0 0 16 32 256 32 4096 2048 512 128 120092 1672
2 2 4 4 0 8 8 16 0 2 128 512 0 4 8 1024 26864 620
8 2 2048 4096 4 32 64 256 2 32 2 4 2 0 0 2 80492 748
0 0 32 1024 2 4 128 256 0 4 64 64 2 4 8 2 17176 307
2048 256 2 64 32 128 32 16 4 0 4 16 0 0 4 2 27960 279
2048 1024 256 16 64 128 64 4 4 8 16 2 4 4 2 0 56508 923
128 16 0 0 256 128 2 2 512 64 8 0 1024 2 2 2 25800 347
64 256 1024 2048 32 64 32 16 4 16 4 2 4 0 4 2 61444 1262
0 2 0 2 0 0 0 8 0 512 32 8 4096 1024 64 8 59800 143
4096 1024 128 64 64 32 32 2 4 8 4 0 0 2 0 0 80444 1253
2 8 4 2 32 4 2 2 128 8 8 4 512 256 2 2 14752 424
2048 16 4 2 512 16 4 0 256 32 4 0 512 64 2 2 36492 322
64 16 32 1024 16 8 4 4 2 0 8 2 0 0 0 0 12240 187
4 8 16 4096 0 8 128 2048 0 4 512 1024 0 2 64 16 82300 252
2048 4 0 2 1024 8 0 0 256 64 0 0 16 4 4 2 60536 1267
2048 2 2 4 512 4 8 2 256 64 4 4 128 32 0 2 59520 1381
128 0 0 4 512 256 0 0 1024 32 8 2 2048 16 8 0 57176 808
16 64 128 2048 0 0 8 16 0 0 2 4 0 0 0 2 23460 168
0 0 0 4 0 2 4 2 0 2 4 32 32 128 64 2048 37240 910
4096 0 0 2 1024 2 0 0 256 8 2 0 16 2 4 0 72284 871
0 0 0 0 2 2 4 4 256 8 4 8 4096 64 32 16 51788 345
0 2 2 4 0 2 32 32 8 8 512 128 2 16 64 2048 27872 163
4 0 4 0 2 4 0 0 2 16 8 0 32 16 64 4096 60752 922
0 0 4 4096 0 2 16 2048 0 0 32 128 2 4 16 16 71812 412
2 4 512 2048 4 256 256 32 4 8 8 2 0 0 2 4 34640 348
8 2 2 2 16 8 1024 2048 8 128 128 64 2 4 0 0 34132 164
2 0 0 2 0 0 8 2 16 64 16 2 128 256 512 1024 34444 822
0 0 2 0 0 0 2 2 4 4 16 16 128 256 512 128 16140 464
2 2 4 2 0 4 128 2 2 16 128 1024 4 2 2048 4096 80372 323
2 1024 256 4 4096 512 128 4 64 32 64 2 16 8 2 2 80176 869
0 2 0 0 4 0 0 0 8 4 2 0 8 32 128 2048 36428 886
2048 1024 128 64 4 0 8 4 0 0 4 0 2 0 0 0 37848 493
32 256 1024 2048 8 128 512 128 8 32 8 4 4 2 0 0 61180 968
4 2 64 2048 2 16 16 512 0 8 8 64 0 2 4 32 36224 617
16 32 64 2048 2 4 8 32 2 4 0 0 0 0 2 0 35088 788
2 8 256 2048 0 2 128 1024 8 4 32 64 4 16 2 2 59712 1137
2048 4 4 8 512 16 2 2 256 64 2 0 128 32 0 0 47172 698
0 0 0 0 2 0 2 2 4 8 16 4 2048 1024 128 32 58880 1222
8 4 512 4096 0 32 32 128 0 8 4 8 2 0 8 4 69852 962
4 0 0 0 4 8 0 2 16 64 0 0 4096 64 4 16 47408 173
2 0 2048 4096 0 2 128 8 0 4 32 4 0 4 16 2 78180 686
0 0 64 4096 0 2 256 2048 0 4 128 2 4 8 32 4 80388 710
4 32 2 4 2 8 8 4 512 16 2 0 1024 32 0 0 15672 155
4096 256 64 16 4 4 32 4 2 0 2 2 0 0 0 0 58752 671
2048 1024 2 2 512 256 4 4 32 64 16 2 8 8 2 2 36252 73
0 0 0 8 2 2 2 32 0 4 64 512 2 2 16 2048 34468 532
2048 64 16 4 1024 256 8 0 512 64 4 0 128 2 2 2 61184 995
4096 2048 32 2 1024 256 128 2 16 16 32 4 2 2 2 2 80092 211
8 4 4 4 0 2 32 32 0 0 2 256 0 2 0 2048 26108 235
2 2 32 4096 8 4 128 1024 2 16 16 256 0 8 8 128 59240 138
2 4 16 4096 0 0 128 256 4 0 16 8 0 0 2 32 80828 1690
0 2 4 2 0 4 4 8 0 64 128 64 4 8 64 512 5964 33
4096 64 64 8 0 4 8 4 0 2 0 4 0 2 0 0 58956 794
2 2 32 4096 0 16 512 2048 0 8 64 16 8 2 4 128 72236 173
2048 1024 512 4 32 128 256 8 16 32 16 8 2 4 2 0 79412 1814
2 4 2 0 16 0 0 0 16 4 128 64 32 64 16 2048 29500 365
2048 2 0 2 128 0 0 0 64 4 2 0 32 16 4 2 36236 834
4096 4 8 2 32 512 256 64 2 4 32 8 2 2 2 0 51568 89
4096 256 2 2 2048 128 4 4 1024 64 8 2 128 32 2 2 81376 251
2048 64 8 2 512 256 4 8 32 64 2 0 4 32 0 0 27352 50
0 0 0 2 2 0 8 4 2 32 8 1024 16 2 128 4096 56388 152
8 32 256 2048 4 16 64 512 0 0 2 16 0 0 2 4 33556 375
0 0 0 4 4 2 2 8 4 8 32 2 16 32 64 2048 30812 553
2048 2 0 2 128 4 2 0 64 8 4 0 16 8 4 0 23468 178
4 8 0 0 32 128 4 2 1024 256 16 4 8192 512 16 8 113000 41
2 0 0 0 8 4 0 2 8 64 16 4 64 128 256 4096 50204 131
4096 2 4 1024 128 8 64 16 2 8 32 2 4 0 0 4 78500 1194
2 0 0 0 2 32 0 0 64 2 0 2 1024 4 8 4 15956 406
2 2 8 2 2 64 512 64 8 128 1024 2048 8 16 256 4 36484 15
128 16 2 0 256 32 0 0 1024 16 8 0 2048 4 4 0 32616 73
1024 16 2 0 32 16 8 2 8 4 2 0 2 4 0 0 16016 427
8192 64 2 4 2048 512 8 8 64 16 0 0 8 32 4 0 124924 206
32 2 1024 8192 16 64 32 8 0 2 2 4 2 0 0 2 125580 921
2 8 4 2 32 8 4 2 64 128 256 128 4 64 1024 2048 71556 1558
0 0 32 4 2 0 4 2 0 2 16 32 2 4 8 4096 63012 969
0 16 16 2 0 2 32 64 0 2 8 512 0 2 0 2048 36744 692
4 2 0 0 32 8 2 2 1024 64 8 4 2048 128 4 0 56864 1107
2 8 16 64 2 8 64 256 2 4 16 1024 2 4 8 2048 70012 1578
256 512 1024 2048 16 32 64 256 8 4 8 32 8 2 2 0 50868 355
4096 64 8 8 1024 128 32 4 512 64 4 0 128 16 2 4 59712 4
4 2 4 2 32 4 2 0 64 32 512 128 2 8 1024 2048 69748 1395
4096 64 8 2 128 32 2 4 32 8 0 0 16 16 0 2 60392 803
2 8 64 4096 4 32 1024 2048 2 8 64 256 0 4 4 2 76960 86
2048 16 16 0 512 32 4 2 128 16 2 0 32 4 2 0 36424 622
64 256 512 1024 32 64 32 16 0 2 4 16 2 2 4 8 26916 465
0 0 0 2 2 2 8 4 4 16 128 512 8 64 256 1024 27076 477
2 0 0 8 2 4 8 2 4 8 16 2048 32 2 512 4096 70852 166
16 1024 2048 4096 8 128 64 8 2 4 2 8 0 2 0 0 124160 1793
2 8 64 2048 4 16 32 1024 0 4 64 8 0 0 128 2 58836 1171
32 4 2 0 32 128 64 2 2048 512 256 4 4096 128 64 16 78120 257
4 16 16 128 4 32 64 512 2 8 256 1024 4 4 64 2048 58712 800
1024 0 0 2 512 16 0 0 256 64 0 0 16 8 8 4 15788 53
0 4 8 1024 4 2 16 32 0 0 2 16 0 4 2 8 16072 436
0 0 2 32 0 2 0 128 0 8 128 512 4 2 32 1024 23888 380
32 32 128 4096 2 16 64 2048 4 2 4 4 0 4 2 2 81088 848
4 2 256 1024 8 4 256 512 4 32 4 2 0 2 16 2 35432 876
0 0 2 0 2 0 0 4 16 32 32 4 4096 256 64 32 70980 1202
2 0 0 8 0 0 2 4 512 256 32 16 2048 128 64 32 60348 1387
2 4 2 0 8 4 2 0 16 64 128 64 2048 512 256 128 37068 466
4096 8 4 2 2048 16 8 2 512 0 0 0 128 0 0 0 78372 475
16 8 2 0 64 8 2 4 512 64 2 0 4096 0 2 0 59564 585
4 0 0 0 2 16 2 0 128 64 4 2 4096 512 32 8 60064 588
2048 512 4 2 1024 128 32 8 0 4 8 8 4 0 0 4 36632 184
0 0 4 4096 2 0 8 512 0 4 64 256 8 4 8 64 78816 1350
4 4 128 1024 0 8 64 512 0 4 16 256 0 2 8 128 36644 927
0 2 8 4 0 8 8 16 2 32 64 1024 2 16 512 2048 72552 1665
1024 128 256 64 4 8 64 8 2 2 0 4 0 0 2 0 26732 655
0 0 4 8 0 4 8 2 4 2 32 256 0 2 16 1024 23568 596
2048 4 2 0 512 8 4 8 256 16 8 2 128 32 4 4 28548 114
2048 16 8 0 1024 128 8 2 512 64 2 0 256 2 0 0 60996 993
256 512 1024 2048 8 32 64 256 8 2 4 2 4 4 0 2 47648 222
2048 256 512 128 128 32 16 2 0 2 16 4 2 2 4 2 36352 465
2 64 512 2048 8 16 32 1024 4 16 4 2 4 2 0 0 61276 1170
0 0 0 0 4 2 0 2 2 64 16 16 128 512 256 1024 22160 179
0 0 4 2048 0 0 32 64 0 2 8 256 2 2 4 16 25800 226
4 2 0 0 4 2 8 0 8 64 8 0 64 128 1024 4096 56760 144
0 0 2 4 0 2 16 2 8 64 16 4 128 256 1024 2048 70704 1602
4096 64 16 2 0 8 64 256 0 4 8 16 0 2 0 2 61080 784
8 8 32 256 0 0 128 128 2 0 4 4 0 0 0 0 4652 66
4 2 0 2 4 16 0 0 8 64 512 128 16 128 2048 4096 71172 61
4096 512 256 64 16 32 64 32 8 8 2 0 2 2 0 0 59184 427
2048 1024 256 16 64 64 32 8 2 4 2 2 2 2 4 0 55924 937
16 8 32 1024 0 4 8 2 0 0 2 2 0 0 0 2 15980 437
2048 16 0 0 512 64 0 0 128 4 4 0 16 8 0 2 31508 320
8 2 2 1024 2 16 16 128 2 8 8 4 0 4 4 2 14868 284
512 8 2 4 256 16 0 2 8 2 0 0 2 2 0 0 6268 51
8 2 256 512 4 16 64 128 2 0 0 16 0 0 0 4 15904 462
2 0 0 0 4 4 0 0 2 8 16 8 1024 128 512 128 25372 453
16 16 4 2 512 128 8 0 2048 4 2 0 4096 0 0 0 82760 774
1024 128 32 4 512 64 16 4 0 2 8 4 0 0 2 0 23220 366
32 64 256 1024 16 32 16 4 8 4 2 0 2 4 0 2 17160 345
2 0 128 1024 0 32 64 512 8 16 16 256 8 2 8 128 31388 583
2 64 2 0 4 4 128 4 8 32 32 2 4 4 64 2048 35944 759
2048 512 256 64 32 8 2 0 4 8 0 2 0 0 0 0 51176 977
2048 0 0 0 4 2 2 0 16 4 8 0 2 128 4 2 23848 219
2048 8 8 2 1024 16 2 0 512 32 2 0 256 64 0 0 57976 840
0 0 0 2 4 4 0 0 64 2 8 4 2048 1024 128 32 36124 370
64 128 512 4096 0 64 16 8 0 0 8 8 2 0 2 0 54356 205
0 0 1024 2048 0 256 256 512 2 4 16 4 4 4 4 2 52044 524
2 0 2 0 2 8 0 0 4 64 16 2 64 128 512 2048 34468 471
2 4 256 2048 8 8 512 1024 2 32 256 32 4 4 4 16 56172 652
16 8 4 2 8 16 16 0 64 32 2 0 4096 0 2 0 82356 1915
2048 1024 128 32 4 2 32 16 8 2 0 0 2 4 2 2 33304 239
2 2 8 8 4 16 16 64 2 4 32 512 0 2 128 4096 71116 1027
0 0 0 2 0 4 0 8 4 16 32 16 256 512 1024 2048 57228 861
4 32 32 2048 2 0 128 1024 0 0 4 32 0 0 2 8 62436 1436
4096 1024 16 0 512 256 32 4 4 16 4 2 2 4 2 0 60508 108
4 32 4 2 256 16 4 2 512 32 16 4 4096 16 4 2 80244 1444
2 2 4 2 0 2 4 32 16 64 128 32 2 4 256 2048 33716 525
64 8 4 0 256 64 4 2 512 32 2 0 2048 0 2 0 34868 437
4096 64 2 0 2048 128 4 2 1024 32 16 2 256 8 8 0 80252 222
0 0 0 4 0 0 4 8 8 32 128 8 4096 2048 512 64 80328 578
64 128 256 4096 4 8 32 64 2 2 4 8 0 2 8 4 52620 317
0 0 0 2 0 0 0 2 4 8 16 2 32 64 256 4096 56340 539
2048 4 4 4 1024 32 8 2 128 64 4 0 64 32 2 0 35732 281
4096 2048 4 16 64 16 4 2 4 4 2 2 2 0 0 0 69932 321
128 32 2 2 256 64 4 4 512 32 16 2 4096 16 4 0 80812 1403
8 64 64 4096 4 16 128 2048 0 8 64 1024 0 2 32 128 130444 1973
4096 2048 1024 256 256 128 32 16 0 4 4 2 0 0 2 0 81196 189
0 0 2 2048 0 2 16 256 2 4 32 128 0 4 8 64 27572 274
2048 1024 32 2 64 512 8 2 2 32 4 8 4 2 4 2 47344 410
0 0 0 2048 4 0 4 512 2 4 4 64 4 8 16 16 32020 406
4096 512 1024 512 256 128 64 32 2 4 8 4 2 8 2 0 82316 829
4096 16 8 4 2048 64 4 0 256 128 0 0 128 32 0 2 69788 73
128 256 1024 2048 8 8 4 2 2 4 0 2 0 0 0 0 35592 269
0 2 16 1024 0 0 32 512 2 4 16 128 0 2 8 64 26768 560
4 2 4 2048 8 8 2 1024 2 16 64 512 0 0 128 256 69420 1297
4 4 32 2 64 32 128 8 1024 512 32 4 2048 64 2 4 60048 985
16 16 0 0 256 64 2 0 512 2 2 4 1024 4 4 2 15520 41
2 2 8 2048 2 4 32 512 0 0 2 256 0 0 8 8 27236 113
0 0 0 2 2 0 2 8 16 32 16 8 1024 512 256 16 30224 646
4096 1024 256 32 16 32 64 16 0 0 2 16 2 0 0 4 59052 204
2 8 2 0 8 8 2 2 32 64 32 4 4096 512 256 64 70548 901
0 0 128 2048 0 2 64 256 0 2 32 512 2 16 16 32 37180 528
2 0 0 0 4 4 2 0 8 2 32 64 16 128 256 1024 25168 569
0 0 2 4 4 0 4 2 4 32 64 1024 2 4 8 2048 38192 556
2 0 0 0 2 2 0 0 2 4 32 4 4096 1024 512 16 80416 1146
32 32 4 2 256 64 8 0 1024 512 4 0 2048 128 2 4 60112 921
4 0 2 2048 0 0 16 1024 0 0 8 128 0 4 8 32 56592 1100
0 8 64 4 4 8 128 8 2 4 512 1024 0 2 128 2048 36636 113
0 0 0 4 0 2 2 4 0 0 32 4 4096 128 1024 64 76364 1053
2048 0 0 0 8 0 0 2 2 8 0 0 4 0 0 0 27140 472
2048 256 8 0 512 64 2 2 16 8 8 2 4 4 2 8 26644 31
64 8 8 0 256 32 0 0 1024 128 2 2 4096 64 0 0 72008 736
4 0 0 2 0 2 4 2 4 16 32 16 64 256 512 1024 33780 844
2 16 2 2 16 128 2 8 2 128 512 64 16 2 128 4096 54216 210
0 8 32 32 0 4 32 256 2 2 64 512 0 0 16 1024 26332 453
2 8 16 2048 4 4 64 128 2 2 4 8 2 0 8 2 27164 365
0 2 2 4 0 2 4 16 128 64 32 8 2048 1024 512 8 35668 74
128 4 0 4 512 8 2 2 1024 32 32 4 2048 64 2 2 59876 1006
2 4 2 4 2 4 8 16 0 0 32 128 0 0 16 512 10120 246
128 16 0 2 256 64 2 0 1024 32 4 0 2048 8 2 2 36412 267
0 0 4 8 0 0 0 4 2 4 64 16 0 4 512 2048 27304 211
2 32 64 1024 4 128 256 512 0 16 16 32 2 4 4 2 32484 717
0 0 2 256 0 2 32 512 0 4 128 1024 2 4 64 2048 51288 488
4 4 4 2 2 8 16 4 0 64 128 256 0 8 16 1024 14416 141
0 0 4 16 0 2 4 64 0 0 8 256 2 0 4 2048 34796 685
0 2 4 2 0 4 8 4 64 128 1024 256 4 32 2048 4 32096 3
2048 32 0 0 512 8 0 0 64 4 8 2 32 2 2 2 35872 617
0 2 2 4 0 0 0 4 32 256 16 4 4096 1024 16 2 61400 402
2 4 16 4 16 128 2 2 2 16 256 512 2 4 64 4096 51600 37
4096 32 32 4 2048 64 8 2 256 32 2 2 4 2 0 0 69476 144
2 8 0 2 2 4 32 4 32 64 32 2 2048 512 256 8 28920 159
128 16 2 0 256 16 2 4 1024 8 0 0 4096 2 0 2 112728 2136
0 2 64 2048 2 2 32 256 8 8 16 128 2 2 2 64 36024 661
2048 32 0 2 1024 64 2 0 512 32 4 2 64 32 4 0 34800 49
0 0 0 512 2 0 0 32 0 0 8 8 4 4 2 4 5876 156
0 2 32 64 0 8 32 256 0 2 64 1024 0 2 128 2048 47668 464
2048 512 256 128 128 64 16 8 0 8 4 4 0 2 4 2 32872 231
2 8 32 4096 4 4 64 1024 0 4 128 512 0 2 32 64 80420 1014
0 0 2 8 0 0 16 128 2 0 32 1024 2 8 8 2048 35312 335
2 0 0 4 2 4 16 8 32 64 32 16 2048 1024 256 32 36312 277
2 2 4 2 0 4 8 4 1024 256 8 4 4096 512 64 4 81416 1077
0 0 4 0 4 2 8 16 64 128 32 32 4096 1024 512 64 59344 26
8 0 0 0 2 16 2 0 2 256 2 2 4096 512 256 128 83508 1477
0 2 2 2 0 8 128 128 0 4 32 1024 2 2 8 2048 36600 369
2 8 0 2 4 0 0 0 8 0 0 0 4096 2 0 0 68256 1228
4096 2048 0 0 256 128 0 4 32 32 2 0 16 8 8 2 75064 414
